examples/ideas_mesh/dem1m.dat
ncols          80
 nrows          16
 xllcorner 0.0
 yllcorner 0.0
 cellsize 1.0
 NODATA_value -9999
[rows 0 to 15 of 16, columns 0 to 55 of 80]
-9999.00000 -9999.00000 -9999.00000 -9999.00000 -9999.00000 -9999.00000 -9999.00000 -9999.00000 -9999.00000 -9999.00000 -9999.00000 -9999.00000 -9999.00000 -9999.00000 -9999.00000 -9999.00000 -9999.00000 -9999.00000 -9999.00000 -9999.00000 -9999.00000 -9999.00000 -9999.00000 -9999.00000 -9999.00000 -9999.00000 -9999.00000 -9999.00000 -9999.00000 3.67219996 3.68359995 3.69619012 3.71521997 3.72508001 3.72726989 3.71860003 3.70366001 3.69660997 3.69231009 3.69566989 3.70247006 3.70868993 3.73199010 3.73533010 3.72710991 3.71343994 3.69245005 3.67408991 3.66343999 3.66878009 3.67532992 -9999.00000 -9999.00000 -9999.00000 -9999.00000 -9999.00000
-9999.00000 -9999.00000 -9999.00000 -9999.00000 -9999.00000 -9999.00000 -9999.00000 -9999.00000 -9999.00000 -9999.00000 -9999.00000 -9999.00000 -9999.00000 -9999.00000 -9999.00000 -9999.00000 -9999.00000 -9999.00000 -9999.00000 -9999.00000 3.75395012 3.75072002 3.77381992 3.80789995 3.83649993 3.83517003 3.80082989 3.76087999 3.72447991 3.71415997 3.73225999 3.73175001 3.73741007 3.73725009 3.73420000 3.72895002 3.72724009 3.71581006 3.70748997 3.70763993 3.71369004 3.71959996 3.72178006 3.71810007 3.71340990 3.72086000 3.70785999 3.69271994 3.68577003 3.69053006 3.71712995 3.73258996 3.73983002 3.75313997 3.72856998 3.71529007
-9999.00000 -9999.00000 -9999.00000 -9999.00000 -9999.00000 -9999.00000 -9999.00000 -9999.00000 -9999.00000 -9999.00000 -9999.00000 -9999.00000 -9999.00000 -9999.00000 3.84218001 3.85291004 3.85646009 3.84837008 3.81525993 3.78619003 3.77371001 3.78171992 3.78228998 3.80602002 3.82614994 3.81270003 3.78468990 3.75465989 3.72204995 3.70226002 3.71567988 3.71896005 3.70863008 3.68091989 3.66621995 3.66920996 3.69081998 3.66926003 3.65340996 3.64381003 3.64496994 3.65351009 3.63864994 3.62265992 3.62915993 3.64632010 3.64388990 3.63277006 3.61752009 3.63211012 3.69529009 3.71615005 3.71783996 3.72343993 3.73534012 3.74135995
-9999.00000 -9999.00000 -9999.00000 -9999.00000 -9999.00000 -9999.00000 -9999.00000 -9999.00000 -9999.00000 3.89721990 3.89446998 3.88790989 3.88687992 3.87184000 3.87367010 3.86740994 3.85953999 3.83484006 3.80479002 3.77077007 3.74273992 3.75369000 3.75407004 3.74163008 3.73374009 3.72142005 3.70238996 3.66389990 3.62322998 3.58352995 3.61139011 3.61373997 3.59570003 3.54733992 3.50950003 3.49995995 3.51776004 3.51693010 3.49341989 3.46985006 3.47119999 3.47304010 3.45194006 3.44093990 3.43341994 3.44907999 3.46670008 3.46933007 3.44515991 3.49103999 3.54961991 3.60261011 3.60168004 3.63162994 3.67248011 3.69498992
-9999.00000 -9999.00000 -9999.00000 -9999.00000 -9999.00000 -9999.00000 3.97463989 3.96666002 3.94780993 3.94218993 3.91915011 3.91198993 3.89215994 3.87345004 3.85437989 3.83789992 3.80751991 3.77642989 3.73608994 3.69320011 3.66227007 3.66677999 3.65785003 3.62424994 3.58114004 3.54922009 3.52816010 3.49469995 3.42711997 3.39080000 3.37755990 3.37296009 3.36444998 3.31990004 3.25889993 3.24163008 3.26091003 3.27699995 3.26254010 3.23248005 3.22522998 3.22555995 3.22105002 3.21431994 3.18898010 3.19310999 3.22851992 3.24569988 3.25251007 3.25864005 3.30609012 3.36669993 3.40301991 3.44205999 3.51185012 3.56785989
-9999.00000 -9999.00000 -9999.00000 -9999.00000 4.02367020 4.01190996 4.02333021 4.00113010 3.97018003 3.93827009 3.90633988 3.86961007 3.84359002 3.81522989 3.77417994 3.73583007 3.69358993 3.66131997 3.60915995 3.54360008 3.49505997 3.47079992 3.45974994 3.40716004 3.35136008 3.30119991 3.28457999 3.26395988 3.23436999 3.18297005 3.15848994 3.15164995 3.13547993 3.10908008 3.07193995 3.04245996 3.05696988 3.06269002 3.06114006 3.05426002 3.03233004 3.03197002 3.03110003 3.03109002 3.02905989 3.02705002 3.04509997 3.07450008 3.08585000 3.09185004 3.10967994 3.16898990 3.20758009 3.22706008 3.24148989 3.28264999
-9999.00000 -9999.00000 4.08056021 4.03021002 3.97554994 3.96744990 3.96454000 3.96043992 3.93502998 3.88625002 3.80773997 3.75567007 3.71145010 3.68425012 3.62757993 3.54643989 3.47901011 3.43943000 3.39190006 3.33290005 3.27805996 3.24868989 3.23566008 3.20618010 3.16253996 3.11444998 3.09419990 3.07409000 3.05212998 3.02804995 3.00203991 2.98604012 2.98108006 2.98636007 2.98809004 2.98990989 2.99160004 2.99549007 3.01216006 3.01435995 3.00728011 3.00518990 3.00177002 3.01401997 3.01781988 3.00535011 3.00322008 3.00254011 3.00037003 2.99166989 2.98130989 3.01029992 3.06195998 3.07175994 3.07405996 3.11138010
-9999.00000 4.17643976 4.10390997 3.97607994 3.89861989 3.85435009 3.81108999 3.78051996 3.75936007 3.75047994 3.64608002 3.54189992 3.46359992 3.44306993 3.39913011 3.31353998 3.23955011 3.20812011 3.18319011 3.14372993 3.09769011 3.05991006 3.03835011 3.00462008 2.98114991 2.98615003 2.98948002 2.99089003 2.99953008 3.00716996 3.01724005 3.00921011 3.01032996 3.02570009 3.03816009 3.03851008 3.04104996 3.06101990 3.08590007 3.09742999 3.09222007 3.07147002 3.08153009 3.10124993 3.10500002 3.08592010 3.07090998 3.07936001 3.09131002 3.07593989 3.04626989 3.03160000 3.01507998 3.00090003 2.98080993 3.00290990
-9999.00000 4.24236012 4.09855986 3.91252995 3.76834989 3.70830011 3.59031010 3.51260996 3.49142003 3.51143003 3.42268991 3.23323011 3.17428994 3.17407990 3.12173009 3.05750990 3.01828003 2.99637008 2.98281002 2.99205995 2.99881005 2.99673009 3.00162005 3.01030993 3.02418995 3.03158998 3.03176999 3.03296995 3.04728007 3.06346011 3.07817006 3.07838011 3.09077001 3.12357998 3.15052009 3.16090012 3.16596007 3.18351007 3.21501994 3.23701000 3.24569988 3.22339010 3.23500991 3.25476003 3.25937009 3.23691010 3.20707989 3.21790004 3.21984005 3.20320010 3.16915011 3.13944006 3.12245989 3.09775996 3.06613994 3.03109002
-9999.00000 4.29971981 4.10629988 3.83737993 3.59399009 3.47365999 3.30367994 3.20103002 3.15771008 3.10987997 3.06352997 2.99652004 2.98945999 3.00626993 3.03315997 3.03697991 3.02785993 3.02589989 3.03076005 3.03990006 3.04690003 3.04946995 3.05135989 3.05876994 3.07023001 3.08350992 3.09370995 3.10203004 3.13198996 3.15823007 3.18322992 3.19155002 3.21530008 3.29510999 3.33300996 3.35775995 3.40023994 3.40590000 3.41758990 3.44348001 3.45841002 3.46871996 3.45460010 3.45779991 3.45900989 3.45091009 3.43195009 3.42033005 3.38880992 3.36106992 3.32400990 3.28205991 3.25758004 3.22212005 3.18089008 3.13333011
-9999.00000 4.43861008 4.17054987 3.86994004 3.53736997 3.25597000 3.20038009 3.08452010 3.03712010 3.10261011 3.12493992 3.10684991 3.07525992 3.07524991 3.09787011 3.10535002 3.11404991 3.11512995 3.10285997 3.12579989 3.15029001 3.16046000 3.16025996 3.17108989 3.19092989 3.20595002 3.21574998 3.22956991 3.27025008 3.31076002 3.37841010 3.39192009 3.45056009 3.51063991 3.55185008 3.59440994 3.64246011 3.64417005 3.62995005 3.64646006 3.66740990 3.68558002 3.66199994 3.64866996 3.63913012 3.64798999 3.64030004 3.60897994 3.56533003 3.52887988 3.48669004 3.44168997 3.40675998 3.36542010 3.33564997 3.28865004
-9999.00000 4.57731009 4.33658981 4.07664013 3.77132010 3.55111003 3.41736007 3.32752991 3.26822996 3.28042006 3.27336001 3.25344992 3.22819996 3.21158004 3.23557997 3.26879001 3.29426003 3.29137993 3.29047990 3.31513000 3.34335995 3.35736990 3.35695004 3.36314011 3.38662004 3.40035009 3.40897012 3.42754006 3.45870996 3.50495005 3.57962990 3.63894010 3.69623995 3.73137999 3.76063991 3.79294991 3.83254004 3.82194996 3.80666995 3.81192994 3.82526994 3.83078003 3.80167007 3.78429008 3.77467990 3.78880000 3.77147007 3.74549007 3.70541000 3.66699004 3.62378001 3.57565999 3.52970004 3.50422001 3.49130988 3.46569991
-9999.00000 -9999.00000 4.57560015 4.37607002 4.20177984 4.01429987 3.87034988 3.77456999 3.71565008 3.64509010 3.57018995 3.50861001 3.47612000 3.46308994 3.48081994 3.51987004 3.54540992 3.54459000 3.55202007 3.56594992 3.58985996 3.59822989 3.60551000 3.61189008 3.62537003 3.63271999 3.63729000 3.64698005 3.66808009 3.71257997 3.76557994 3.81666994 3.87055993 3.89491010 3.91667008 3.93983006 3.94470000 3.94535995 3.93807006 3.93723011 3.93302011 3.92212009 3.90139008 3.88089991 3.87199998 3.86624002 3.85402012 3.83102989 3.79874992 3.75980997 3.71024990 3.65822005 3.62374997 3.61437988 3.62491989 3.62020993
-9999.00000 -9999.00000 -9999.00000 -9999.00000 4.51867008 4.35922003 4.26718998 4.18594980 4.07220984 3.97362995 3.88965988 3.82112002 3.77624011 3.75555992 3.77010012 3.78081989 3.79038000 3.79234004 3.79977012 3.80716991 3.81455994 3.82194996 3.83102989 3.83831000 3.83976007 3.83709002 3.83874011 3.85103011 3.86532998 3.89446998 3.92010999 3.95538998 3.99272990 4.02166986 4.03460979 4.04231977 4.04194021 4.04672003 4.03694010 4.03138018 4.01698017 4.00165987 3.97779989 3.95024991 3.93858004 3.92491007 3.91535997 3.89463997 3.86547995 3.81423998 3.75416994 3.70116997 3.67047000 3.66912007 3.69726992 3.71468997
-9999.00000 -9999.00000 -9999.00000 -9999.00000 -9999.00000 -9999.00000 4.58134985 4.48944998 4.39742994 4.28569984 4.18388987 4.09923983 4.03039980 4.00988007 3.99761009 3.97807002 3.98390007 3.99950004 4.01413012 3.99914002 3.99207997 3.99616003 4.02147007 4.02345991 4.02088022 4.01127005 4.01202011 4.01789999 4.04221010 4.03633022 4.03916979 4.06193018 4.08783007 4.10255003 4.11400986 4.10411978 4.10311985 4.11502981 4.11170006 4.08641005 4.06730986 4.05387020 4.03119993 3.99847007 3.96706009 3.95353007 3.95288992 3.94675994 3.90494990 3.83586001 3.76796007 3.71741009 3.68933010 3.68394995 3.71424007 3.75681996
-9999.00000 -9999.00000 -9999.00000 -9999.00000 -9999.00000 -9999.00000 -9999.00000 -9999.00000 -9999.00000 4.55066013 4.39344978 4.29017019 4.23160982 4.18378019 4.14372015 4.12312984 4.11482000 4.12974977 4.15740013 4.14442015 4.11228991 4.12460995 4.15486002 4.14951992 4.13205004 4.13003016 4.13239002 4.13628006 4.14053011 4.12151003 4.09823990 4.11220980 4.13132000 4.12883997 4.12425995 4.11524010 4.10596991 4.13058996 4.15518999 4.11225986 4.07076979 4.06031990 4.04735994 4.00464010 3.96624994 3.96253991 3.95858002 3.95318007 3.93288994 3.84352994 -9999.00000 -9999.00000 -9999.00000 -9999.00000 -9999.00000 -9999.00000
