PyLaGriT/examples/ideas_mesh/dem0.5m.dat
ncols         160
 nrows          32
 xllcorner 0.0
 yllcorner 0.0
 cellsize 0.5
 NODATA_value -9999
[rows 0 to 24 of 32, columns 0 to 55 of 160]
-9999.00000 -9999.00000 -9999.00000 -9999.00000 -9999.00000 -9999.00000 -9999.00000 -9999.00000 -9999.00000 -9999.00000 -9999.00000 -9999.00000 -9999.00000 -9999.00000 -9999.00000 -9999.00000 -9999.00000 -9999.00000 -9999.00000 -9999.00000 -9999.00000 -9999.00000 -9999.00000 -9999.00000 -9999.00000 -9999.00000 -9999.00000 -9999.00000 -9999.00000 -9999.00000 -9999.00000 -9999.00000 -9999.00000 -9999.00000 -9999.00000 -9999.00000 -9999.00000 -9999.00000 -9999.00000 -9999.00000 -9999.00000 -9999.00000 -9999.00000 -9999.00000 -9999.00000 -9999.00000 -9999.00000 -9999.00000 -9999.00000 -9999.00000 -9999.00000 -9999.00000 -9999.00000 -9999.00000 -9999.00000 -9999.00000
-9999.00000 -9999.00000 -9999.00000 -9999.00000 -9999.00000 -9999.00000 -9999.00000 -9999.00000 -9999.00000 -9999.00000 -9999.00000 -9999.00000 -9999.00000 -9999.00000 -9999.00000 -9999.00000 -9999.00000 -9999.00000 -9999.00000 -9999.00000 -9999.00000 -9999.00000 -9999.00000 -9999.00000 -9999.00000 -9999.00000 -9999.00000 -9999.00000 -9999.00000 -9999.00000 -9999.00000 -9999.00000 -9999.00000 -9999.00000 -9999.00000 -9999.00000 -9999.00000 -9999.00000 -9999.00000 -9999.00000 -9999.00000 -9999.00000 -9999.00000 -9999.00000 -9999.00000 -9999.00000 -9999.00000 3.80152011 3.81911993 3.83673000 3.83797002 3.81517005 3.79237008 3.76943994 3.74967003 3.73159003
-9999.00000 -9999.00000 -9999.00000 -9999.00000 -9999.00000 -9999.00000 -9999.00000 -9999.00000 -9999.00000 -9999.00000 -9999.00000 -9999.00000 -9999.00000 -9999.00000 -9999.00000 -9999.00000 -9999.00000 -9999.00000 -9999.00000 -9999.00000 -9999.00000 -9999.00000 -9999.00000 -9999.00000 -9999.00000 -9999.00000 -9999.00000 -9999.00000 -9999.00000 -9999.00000 -9999.00000 -9999.00000 -9999.00000 -9999.00000 -9999.00000 -9999.00000 -9999.00000 -9999.00000 -9999.00000 -9999.00000 3.75475001 3.74907994 3.74724007 3.75851989 3.76999998 3.78148007 3.80120993 3.81920004 3.83546996 3.83880997 3.83655000 3.83053994 3.80749989 3.78425002 3.76565003 3.74860001
-9999.00000 -9999.00000 -9999.00000 -9999.00000 -9999.00000 -9999.00000 -9999.00000 -9999.00000 -9999.00000 -9999.00000 -9999.00000 -9999.00000 -9999.00000 -9999.00000 -9999.00000 -9999.00000 -9999.00000 -9999.00000 -9999.00000 -9999.00000 -9999.00000 -9999.00000 -9999.00000 -9999.00000 -9999.00000 -9999.00000 -9999.00000 -9999.00000 -9999.00000 -9999.00000 -9999.00000 -9999.00000 -9999.00000 -9999.00000 3.84483004 3.82737994 3.80970001 3.79201007 3.77605009 3.76996994 3.76430988 3.75865006 3.76278996 3.76799989 3.77947998 3.79763007 3.81759000 3.83240008 3.83574009 3.83877993 3.83465004 3.82170010 3.80574012 3.78974009 3.76957011 3.74766994
-9999.00000 -9999.00000 -9999.00000 -9999.00000 -9999.00000 -9999.00000 -9999.00000 -9999.00000 -9999.00000 -9999.00000 -9999.00000 -9999.00000 -9999.00000 -9999.00000 -9999.00000 -9999.00000 -9999.00000 -9999.00000 -9999.00000 -9999.00000 -9999.00000 -9999.00000 -9999.00000 -9999.00000 -9999.00000 -9999.00000 -9999.00000 -9999.00000 3.83932996 3.84543991 3.85101008 3.85288000 3.85454988 3.85622001 3.84951997 3.83727002 3.81914997 3.79843998 3.78639007 3.77981997 3.77386999 3.77338004 3.77833009 3.78106999 3.78139997 3.79317999 3.80497003 3.81606007 3.82676005 3.82799006 3.81890011 3.80594993 3.79092002 3.77712011 3.76289010 3.74897003
-9999.00000 -9999.00000 -9999.00000 -9999.00000 -9999.00000 -9999.00000 -9999.00000 -9999.00000 -9999.00000 -9999.00000 -9999.00000 -9999.00000 -9999.00000 -9999.00000 -9999.00000 -9999.00000 -9999.00000 -9999.00000 -9999.00000 -9999.00000 -9999.00000 -9999.00000 -9999.00000 3.86736989 3.86121011 3.85506010 3.84818006 3.84769011 3.85254002 3.85864997 3.86238003 3.86444998 3.86631989 3.86247993 3.85421991 3.84087992 3.82542992 3.80471992 3.79673004 3.79015994 3.77809000 3.77683997 3.77344990 3.77006006 3.77248001 3.77536011 3.78709006 3.79576993 3.78979993 3.78384995 3.77846003 3.77220988 3.76046991 3.74562001 3.72862005 3.70879006
-9999.00000 -9999.00000 -9999.00000 -9999.00000 -9999.00000 -9999.00000 -9999.00000 -9999.00000 -9999.00000 -9999.00000 -9999.00000 -9999.00000 -9999.00000 -9999.00000 -9999.00000 -9999.00000 -9999.00000 -9999.00000 -9999.00000 3.89148998 3.89094996 3.89039993 3.88625002 3.88541007 3.88337994 3.87669992 3.86895990 3.86753011 3.86938000 3.87169003 3.87061000 3.86846995 3.86495996 3.85380006 3.84047008 3.82696009 3.81323004 3.79317999 3.77918005 3.76567006 3.75014997 3.75275993 3.75819993 3.76130009 3.76157999 3.76128006 3.75429010 3.75037003 3.74575996 3.73977995 3.73312998 3.72560000 3.71655989 3.69926000 3.68013000 3.66101003
-9999.00000 -9999.00000 -9999.00000 -9999.00000 -9999.00000 -9999.00000 -9999.00000 -9999.00000 -9999.00000 -9999.00000 -9999.00000 -9999.00000 -9999.00000 -9999.00000 -9999.00000 -9999.00000 3.91897011 3.91734004 3.91564989 3.91070008 3.90890002 3.90537000 3.89898992 3.89848995 3.89496994 3.88835001 3.88371992 3.87594008 3.86880994 3.86197996 3.85662007 3.85448003 3.84709001 3.83798003 3.82667994 3.81138992 3.78996992 3.76855993 3.75324011 3.73773003 3.72219992 3.72299004 3.72504997 3.72478008 3.72447991 3.71615005 3.69835997 3.69279003 3.68886995 3.66961002 3.65637994 3.65202999 3.64646006 3.63090992 3.60939002 3.58377004
-9999.00000 -9999.00000 -9999.00000 -9999.00000 -9999.00000 -9999.00000 -9999.00000 -9999.00000 -9999.00000 -9999.00000 -9999.00000 -9999.00000 -9999.00000 3.96134996 3.95738006 3.94882989 3.94186997 3.94024992 3.93705010 3.93210006 3.92044997 3.91747999 3.91173005 3.90453005 3.89402008 3.88614011 3.87739992 3.86624002 3.85829997 3.85170007 3.84509993 3.83834004 3.82486010 3.80995989 3.79456997 3.77512002 3.75490999 3.73469996 3.71450996 3.70131993 3.68811989 3.68461990 3.68793988 3.68766999 3.68007994 3.66229010 3.64450002 3.63154006 3.60963011 3.58772993 3.57482004 3.56286001 3.55550003 3.54611993 3.52928996 3.49631000
-9999.00000 -9999.00000 -9999.00000 -9999.00000 -9999.00000 -9999.00000 -9999.00000 -9999.00000 -9999.00000 -9999.00000 3.99785995 3.99517012 3.99880004 3.99745989 3.99348998 3.98220992 3.96989012 3.96315002 3.95271993 3.93304992 3.91698003 3.91401005 3.89949012 3.89029002 3.88442993 3.87418008 3.86164999 3.84911990 3.83210993 3.82001996 3.80735993 3.78664994 3.77115989 3.75601006 3.73972011 3.72182012 3.70161009 3.67217994 3.64650011 3.63331008 3.60981989 3.59527993 3.60000992 3.60128999 3.59573007 3.57903004 3.55596995 3.52982998 3.50903010 3.48448992 3.46485996 3.45281005 3.44432998 3.43421006 3.42225003 3.39684010
-9999.00000 -9999.00000 -9999.00000 -9999.00000 -9999.00000 -9999.00000 -9999.00000 -9999.00000 4.02126980 4.01497984 4.00869989 4.01194000 4.01702976 4.01995993 4.00783014 3.99247003 3.97709990 3.96108007 3.94573998 3.92877007 3.91351008 3.89723992 3.87898993 3.86772990 3.85637999 3.84202003 3.82906008 3.81138992 3.79099011 3.77601004 3.75665998 3.73594999 3.71744990 3.70115995 3.68485999 3.66851997 3.64076996 3.60860991 3.57849002 3.55480003 3.52959991 3.50594997 3.50647998 3.50434995 3.50127006 3.47750998 3.44976997 3.42212009 3.39582992 3.36943007 3.34302998 3.32975006 3.32194996 3.31228995 3.30026007 3.28961992
-9999.00000 -9999.00000 -9999.00000 -9999.00000 -9999.00000 -9999.00000 4.04579020 4.02204990 4.00775003 4.01561022 4.02255011 4.02572012 4.02888012 4.01294994 3.99249005 3.97644997 3.96051002 3.94403005 3.92857003 3.91323996 3.87781000 3.86325002 3.84868002 3.82856989 3.81585002 3.80312991 3.78681993 3.76416993 3.74152994 3.70860004 3.67817998 3.65175009 3.62736011 3.60980010 3.59376001 3.57640004 3.54732990 3.51347995 3.48085999 3.45396996 3.42985010 3.40496993 3.39667010 3.39244008 3.38548994 3.37134004 3.34618998 3.32005000 3.28937006 3.26050997 3.23924994 3.23022008 3.22257996 3.21401000 3.20374990 3.19366002
-9999.00000 -9999.00000 -9999.00000 -9999.00000 4.07886982 4.05815983 4.03743982 4.00679016 3.98446012 3.99035001 3.98275995 3.98201990 3.98301005 3.98169994 3.97722006 3.95998001 3.94350004 3.92702007 3.90829992 3.86929011 3.83028007 3.81388998 3.78660989 3.75566006 3.74278998 3.72954988 3.71603990 3.69461012 3.66542006 3.63177991 3.58588004 3.54787993 3.52430010 3.50426006 3.48726010 3.46738005 3.44072008 3.40917993 3.37782001 3.34767008 3.32129002 3.30121994 3.28903008 3.28361011 3.27494001 3.26360989 3.24776006 3.22521996 3.20039010 3.17277002 3.15037990 3.13690996 3.13041997 3.12237000 3.11307001 3.10225010
-9999.00000 -9999.00000 -9999.00000 4.12364006 4.08560991 4.04980993 4.02222013 3.99153996 3.96069002 3.95330000 3.94569993 3.93830991 3.93056989 3.92160010 3.91084003 3.89561009 3.88360000 3.87377000 3.85435009 3.81871009 3.78307009 3.74787998 3.71713996 3.68638992 3.66404009 3.65025997 3.63648009 3.61449003 3.57797003 3.54097009 3.49474001 3.44723010 3.41433001 3.39334989 3.37842989 3.35850000 3.34071994 3.31356001 3.28465009 3.25700998 3.23014998 3.20895004 3.19179010 3.18635988 3.18109989 3.17420006 3.15896010 3.14094996 3.12322998 3.09959006 3.07553005 3.05751991 3.04746008 3.04097009 3.02849007 3.01639009
-9999.00000 -9999.00000 4.16922998 4.13319016 4.09714985 4.04455996 3.99267006 3.96022010 3.91979003 3.89386010 3.88656998 3.86697006 3.84957004 3.84060001 3.82306004 3.80593991 3.79601002 3.79536009 3.78629994 3.74897003 3.69519997 3.64705992 3.61195993 3.55778003 3.52869010 3.51167989 3.50324011 3.48321009 3.45706010 3.41739988 3.37430000 3.33316994 3.29971004 3.27375007 3.26390004 3.25215006 3.23469996 3.21928000 3.19394994 3.16842008 3.14418006 3.12264991 3.10380006 3.09612989 3.09288001 3.08087993 3.06311011 3.04460001 3.02682996 3.01036000 2.99365997 2.98151994 2.98182011 2.98298001 2.98473001 2.98678994
-9999.00000 -9999.00000 4.19274998 4.14963007 4.10494995 4.03210020 3.95975995 3.92198992 3.87909007 3.83618999 3.81720996 3.79467010 3.77213001 3.75002003 3.72723007 3.70345998 3.70379996 3.70357990 3.70556998 3.65492010 3.60052991 3.53740001 3.46579003 3.41653991 3.38534999 3.38230991 3.38022995 3.36650991 3.34559989 3.30714011 3.26202989 3.21981001 3.18284988 3.15863991 3.14793992 3.13758993 3.12318993 3.10943007 3.09623003 3.06822991 3.05200005 3.03438997 3.01537991 2.99937010 2.98198009 2.98110008 2.98245001 2.98511004 2.98907995 2.99250007 2.99404001 2.99723005 2.99813008 2.99767995 2.99672008 3.00131011
-9999.00000 4.27704000 4.22553015 4.17047977 4.09845018 4.02725983 3.93875003 3.85727000 3.81215000 3.77383995 3.74696994 3.72460008 3.66375995 3.61429000 3.59033990 3.56236005 3.56838989 3.57473993 3.58440995 3.54951000 3.49913001 3.41512990 3.30975008 3.26513004 3.24484992 3.24464989 3.25016999 3.23809004 3.21515012 3.18216991 3.13384008 3.10208011 3.06734991 3.04157996 3.03388000 3.03266001 3.02110004 3.00685000 2.99096990 2.98188996 2.98621011 2.98902988 2.98787999 2.98671007 2.98860002 2.99263000 2.99668002 3.00254989 3.00989008 3.01510000 3.01889992 3.02340007 3.02101994 3.01780009 3.01640010 3.02290010
-9999.00000 4.30981016 4.24881983 4.17521000 4.10202980 4.01735020 3.89807010 3.77944994 3.73855996 3.70800996 3.67744994 3.62294006 3.53813004 3.47721004 3.44437003 3.41017008 3.41486001 3.42911005 3.43037009 3.40107012 3.35360003 3.28942990 3.18563008 3.11654997 3.11664009 3.10897994 3.10202003 3.08284998 3.05886006 3.03863001 3.02280998 3.00205994 2.98878002 2.98095012 2.98470998 2.98827004 2.99343991 3.00002003 3.00342989 3.00695992 3.01144004 3.01142001 3.00815010 3.00846004 3.01098990 3.01361990 3.01884007 3.02628994 3.03193998 3.03647995 3.03925991 3.04233003 3.04348993 3.04259992 3.04597998 3.05121994
-9999.00000 4.32958984 4.26198006 4.19436979 4.11348009 3.98003006 3.86104989 3.73839998 3.65543008 3.62239003 3.56806993 3.48030996 3.39459991 3.32097006 3.28175998 3.26283002 3.25218010 3.25730991 3.24253988 3.20755005 3.15928006 3.10452008 3.06538010 3.01863003 3.00686002 2.98976994 2.98183990 2.99003005 2.99867010 3.00909996 3.01307011 3.01490998 3.01060009 3.00864005 3.00989008 3.01270008 3.01715994 3.02467990 3.02968001 3.03264999 3.03591990 3.03594995 3.03307009 3.03260994 3.03486991 3.03850007 3.04288006 3.04849005 3.05428004 3.06050992 3.06389999 3.06737995 3.06914997 3.07282996 3.07708001 3.08224010
-9999.00000 4.40333986 4.32630014 4.25868988 4.10820007 3.94964004 3.82912993 3.67629004 3.55581999 3.50978994 3.42018008 3.33176994 3.25375009 3.20001006 3.16195011 3.12483001 3.10247993 3.08208990 3.05869007 3.04164004 3.01657009 2.98417997 2.99408007 3.00170994 3.00465012 3.00746012 3.02022004 3.03831005 3.04846001 3.05515003 3.05358005 3.04667997 3.04094005 3.03529000 3.03730989 3.03733993 3.03833008 3.04205990 3.04550004 3.05307007 3.06030989 3.06521010 3.06582999 3.06026006 3.06511998 3.06861997 3.07393003 3.08097005 3.08866000 3.09578991 3.10246992 3.10848999 3.11090994 3.11595011 3.11679006 3.12281990
-9999.00000 4.48734999 4.40679979 4.29054022 4.12805986 3.96556997 3.80802989 3.63828993 3.46930003 3.38247991 3.30736995 3.26602006 3.20518994 3.14210010 3.08310008 3.05408001 3.02645993 2.98285007 3.01243997 3.04820991 3.07638001 3.08500004 3.07301998 3.05358005 3.04654002 3.04421997 3.05360007 3.06541991 3.07246995 3.07360005 3.07433009 3.07397008 3.07396007 3.07511997 3.07826996 3.07729006 3.07356000 3.07869005 3.08552003 3.09229994 3.09850001 3.10576010 3.11063004 3.11277008 3.11476994 3.11495996 3.12153006 3.13082004 3.14011002 3.14718008 3.15415001 3.15952992 3.16090989 3.16462994 3.16970992 3.17911005
-9999.00000 4.56533003 4.45507002 4.34480000 4.19796991 4.05501986 3.91055989 3.74081993 3.58285999 3.39767003 3.23937011 3.22202992 3.20099998 3.16553998 3.10887003 3.06020999 3.05712008 3.09040999 3.11910009 3.13803005 3.14312005 3.13861990 3.12683010 3.10792994 3.09416008 3.08721995 3.08874011 3.09796000 3.11128998 3.11845994 3.12200999 3.12887001 3.13416004 3.13439012 3.13628006 3.13157010 3.12807989 3.13667011 3.14810991 3.16173005 3.17385006 3.18291998 3.18611002 3.18552995 3.18586993 3.18829989 3.19484997 3.20385003 3.21483994 3.22451997 3.23179007 3.23659992 3.24147010 3.24856997 3.25689006 3.26658010
-9999.00000 -9999.00000 4.52005005 4.40653992 4.28446007 4.15096998 4.01274014 3.84933996 3.69606996 3.51568007 3.40894008 3.33551002 3.29553008 3.26029992 3.20905995 3.16671991 3.16235995 3.16108990 3.19243002 3.20022988 3.20240998 3.20165992 3.19386005 3.18228006 3.17051005 3.16300011 3.15907001 3.16154003 3.17117000 3.18554997 3.20124006 3.21289992 3.22017002 3.22505999 3.21817994 3.20799994 3.20871997 3.21472001 3.22535992 3.23969007 3.25215006 3.26457000 3.26799011 3.26688004 3.26660991 3.26911998 3.27399993 3.28552008 3.29718995 3.30882001 3.31384993 3.31867003 3.32367992 3.33310008 3.34293008 3.35461998
-9999.00000 -9999.00000 4.60009003 4.48656988 4.36001015 4.23085022 4.11598015 3.98637009 3.82370996 3.70281005 3.61073995 3.53464007 3.47641993 3.42927003 3.38691998 3.33763003 3.31862998 3.31260991 3.31680012 3.31416011 3.30222011 3.29054999 3.28173995 3.27112007 3.25975990 3.25020003 3.24241996 3.25188994 3.26255012 3.27812004 3.29655004 3.31566000 3.32565999 3.33126998 3.32629991 3.31820989 3.32183003 3.33097005 3.34402990 3.35975003 3.37225008 3.38446999 3.38820004 3.38915992 3.38902998 3.39111996 3.39422989 3.40365005 3.41531992 3.42349005 3.42992997 3.43567991 3.43845010 3.44555998 3.45453000 3.46070004
-9999.00000 -9999.00000 -9999.00000 4.56471014 4.46084023 4.36171007 4.26256990 4.17419004 4.05404997 3.93425989 3.83711004 3.75098991 3.69181991 3.64493990 3.60052991 3.55360007 3.52677011 3.51672006 3.51254010 3.47491002 3.45488000 3.42529011 3.40137005 3.39096999 3.37800002 3.36500001 3.36134005 3.37058997 3.38027000 3.39530993 3.41619992 3.43765998 3.45009995 3.44959998 3.44910002 3.44571996 3.45081997 3.45591998 3.46729994 3.47979999 3.49230003 3.50196004 3.50569010 3.50941992 3.51160002 3.51470995 3.51782990 3.52433991 3.53243995 3.54053998 3.54751992 3.55025005 3.55298996 3.55750990 3.56367993 3.56984997
