PyLaGriT/examples/ideas_mesh/dem0.5m.dat
ncols         160
 nrows          32
 xllcorner 0.0
 yllcorner 0.0
 cellsize 0.5
 NODATA_value -9999
[rows 0 to 24 of 32, columns 56 to 111 of 160]
-9999.00000 -9999.00000 -9999.00000 3.67578006 3.68144989 3.68711996 3.69248009 3.70193005 3.71139002 3.72045994 3.72463012 3.72571993 3.72680998 3.72736001 3.72216010 3.71445990 3.70704007 3.69990993 3.69770002 3.69538999 3.69307995 3.69259000 3.69402003 3.69736004 3.70071006 3.70419002 3.70565009 3.71426010 3.72584009 3.73499990 3.73781991 3.73324990 3.72867990 3.72610998 3.71973991 3.70866990 3.69759011 3.68889999 3.67723989 3.67195010 3.66666007 3.66304994 3.66676998 3.67002010 3.67326999 3.67732000 3.68808007 -9999.00000 -9999.00000 -9999.00000 -9999.00000 -9999.00000 -9999.00000 -9999.00000 -9999.00000 -9999.00000
3.71310997 3.69426990 3.69110990 3.70169997 3.70654011 3.71008992 3.71265006 3.71826005 3.72740006 3.73315001 3.73889995 3.74063993 3.74092007 3.74107003 3.73696995 3.72748995 3.71965003 3.71497989 3.71276999 3.71054006 3.71019006 3.71073008 3.71127009 3.71427011 3.71776009 3.72124004 3.72307992 3.72341990 3.73109007 3.73631001 3.73947001 3.74030995 3.73793006 3.73568010 3.73297000 3.72312999 3.71462989 3.70613003 3.69215012 3.67993999 3.67463994 3.67669010 3.68144989 3.68470001 3.69039011 3.69951010 3.70972991 3.72053003 3.72772002 3.73278999 3.73739004 3.73105001 3.72470999 3.71394992 3.70319009 3.69095993
3.73019004 3.71093988 3.70831990 3.71953011 3.72837996 3.73249006 3.73286009 3.73133993 3.73551989 3.74054003 3.74421000 3.73726010 3.73628998 3.73530006 3.73233008 3.72877002 3.72726011 3.72456002 3.71945000 3.71072006 3.70832992 3.70797992 3.70799994 3.70991993 3.71309996 3.71493006 3.71777010 3.72303009 3.72380996 3.72325993 3.72297001 3.71752000 3.71604991 3.71501994 3.72231007 3.71914005 3.71275997 3.70576000 3.69827008 3.69089007 3.68551993 3.68823004 3.68945003 3.69720006 3.71041989 3.72168994 3.73023009 3.73304009 3.73585010 3.74305010 3.75445008 3.74754000 3.73182988 3.72687006 3.72262001 3.71024990
3.73929000 3.72761011 3.72497010 3.73044991 3.73018003 3.72920990 3.72807002 3.73006010 3.73337007 3.73451996 3.72147989 3.71216989 3.71082997 3.70819998 3.70526004 3.70721006 3.72006989 3.72303009 3.71444011 3.70405006 3.69823003 3.69833994 3.69854999 3.69981003 3.70095992 3.70166993 3.70431995 3.70296001 3.70022988 3.69894004 3.69344997 3.68783998 3.68524003 3.69456005 3.70389009 3.70372009 3.69616008 3.68835998 3.68086004 3.66948009 3.65727997 3.65849996 3.66400003 3.67234993 3.68558002 3.70854998 3.72836995 3.73825002 3.74397993 3.75030994 3.75149012 3.75268006 3.74242997 3.74024010 3.73833990 3.72913003
3.73572993 3.71506000 3.70686007 3.71353006 3.72019005 3.72465992 3.72459006 3.72450995 3.72078991 3.70703006 3.69325995 3.67790008 3.67572999 3.67355990 3.67404008 3.68452001 3.69498992 3.69983006 3.68459010 3.66935992 3.66138005 3.66049004 3.65925002 3.65031004 3.65305996 3.65660000 3.66278005 3.66018009 3.65646005 3.64398003 3.63676000 3.63051009 3.63262010 3.64412999 3.65461993 3.65681005 3.65550995 3.65432000 3.64860010 3.63779998 3.62700009 3.63130999 3.63856006 3.64884996 3.67771006 3.70602012 3.72287989 3.72136998 3.72033000 3.72430992 3.72708988 3.73081994 3.73868990 3.73874998 3.73880005 3.73895001
3.68811989 3.67012000 3.65400004 3.66066003 3.67014003 3.68241000 3.68261003 3.67899990 3.67079997 3.65762997 3.63877010 3.61507010 3.61142993 3.60759997 3.60298991 3.61347008 3.62543011 3.63770008 3.62348008 3.61452007 3.60556006 3.60156012 3.58922005 3.57914996 3.58474994 3.59417009 3.60341001 3.59706998 3.58220005 3.56778002 3.56225991 3.55965996 3.55856991 3.56744003 3.57216001 3.57540011 3.57582998 3.58027005 3.57809997 3.56626010 3.55039001 3.54918003 3.56043005 3.58261991 3.61700010 3.65219998 3.67553997 3.67195010 3.67770004 3.68289995 3.68735003 3.70151997 3.71329999 3.71360993 3.72293997 3.72909999
3.64264989 3.62540007 3.60815001 3.61177993 3.62404990 3.63632989 3.63637996 3.62818003 3.61999011 3.60210991 3.57824993 3.55404997 3.54116988 3.53291011 3.52464008 3.53134990 3.54004002 3.54916000 3.54589009 3.53334999 3.52151990 3.50992990 3.49809003 3.48659992 3.49175000 3.50040007 3.50220990 3.49877000 3.48397994 3.47112012 3.46631002 3.46374011 3.45865011 3.46291995 3.47037005 3.47888994 3.48736000 3.49471998 3.49957991 3.48582006 3.47205997 3.47326994 3.49546003 3.51764989 3.54830003 3.58256006 3.61666989 3.62361002 3.62314010 3.62450004 3.64002991 3.65531993 3.67551994 3.68751001 3.69630003 3.71184993
3.55318999 3.53278995 3.51514006 3.50966001 3.52357006 3.52746010 3.52312994 3.51331997 3.50907993 3.49840999 3.47226000 3.43950009 3.41451001 3.39230990 3.38918996 3.39920998 3.40882993 3.42295003 3.43048000 3.41922998 3.40806007 3.39678001 3.38532996 3.37387991 3.36535001 3.36518002 3.36500001 3.36306000 3.36101007 3.35650992 3.35034990 3.34367990 3.33625007 3.33308005 3.34089994 3.34985995 3.36021996 3.36999011 3.37290001 3.37551999 3.36998010 3.36963010 3.38595009 3.40991998 3.43614006 3.46811008 3.49664998 3.51781011 3.51733994 3.53084993 3.54676008 3.56861997 3.60562992 3.62623000 3.64337993 3.67391992
3.46334004 3.43742990 3.42307997 3.40873003 3.40896010 3.40697002 3.40528011 3.40104008 3.39703989 3.39058995 3.36100006 3.32850003 3.29922009 3.27646995 3.26851010 3.27813005 3.28823996 3.29929996 3.30942011 3.31068993 3.29935002 3.28445005 3.26922011 3.25873995 3.25433993 3.25537992 3.25510001 3.25417995 3.25154996 3.24985003 3.24581003 3.23924994 3.22865009 3.21583009 3.21817994 3.23401999 3.24770999 3.26373005 3.27066994 3.27309990 3.27740002 3.27682996 3.27629995 3.29735994 3.32015991 3.34812999 3.37898993 3.40105009 3.41995001 3.43613005 3.45297003 3.49007010 3.52716994 3.55950999 3.58792996 3.61633992
3.36373997 3.33644009 3.31160998 3.29777002 3.29331994 3.29272008 3.29103994 3.28575993 3.28058004 3.27243996 3.25517011 3.22375011 3.19127989 3.16512990 3.15984988 3.16694999 3.17704010 3.18847990 3.19673991 3.20000005 3.19608998 3.18860006 3.17617989 3.16468000 3.15305996 3.15208006 3.15162992 3.15229011 3.15069008 3.14933991 3.14877009 3.14389992 3.13471007 3.12597990 3.12351990 3.13241005 3.14795995 3.16527009 3.17469001 3.18206000 3.18730998 3.18748999 3.18618011 3.18580008 3.20373011 3.23313999 3.27275991 3.30156994 3.32276011 3.33349991 3.34478998 3.35583997 3.39118004 3.41057992 3.43848991 3.47224998
3.27090001 3.24504995 3.21796989 3.19939995 3.19014001 3.18949008 3.18709993 3.18118000 3.17408991 3.16257000 3.14778996 3.13196993 3.11000991 3.08751988 3.07054996 3.07214999 3.08113003 3.09482002 3.09694004 3.09722996 3.09659004 3.09241009 3.08816004 3.07613993 3.06340003 3.05853009 3.05796003 3.06020999 3.05854011 3.05785990 3.05791998 3.05827999 3.05631995 3.05140996 3.04942989 3.05186009 3.06358004 3.08033991 3.09568000 3.10484004 3.10925007 3.11239004 3.11275005 3.11437988 3.12217999 3.14338994 3.17309999 3.20485997 3.22778010 3.24245000 3.25226998 3.25884008 3.26504993 3.27683997 3.29900002 3.33406997
3.18361998 3.16313004 3.14085007 3.11802006 3.10229993 3.09730005 3.09122992 3.08756995 3.07735991 3.06288004 3.04836988 3.03925991 3.02779007 3.01164007 3.00260997 2.99712992 2.99559999 2.99491000 2.99276996 2.99277997 2.99259996 2.99199009 2.99147010 2.99147010 2.98885989 2.98779011 2.98790002 2.98841000 2.98792005 2.98792005 2.98762012 2.98794007 2.98962998 2.98819995 2.98708010 2.98708010 2.99172997 2.99928999 3.01339006 3.02356005 3.02996993 3.03664994 3.04461002 3.05324006 3.06138992 3.07295990 3.09424996 3.12333012 3.15106010 3.16215992 3.16650009 3.16926003 3.17185998 3.18265009 3.19946003 3.22281003
3.09211993 3.08018994 3.06398010 3.04338002 3.02920008 3.02065992 3.01374006 3.00970006 2.99965000 2.98966002 2.98006010 2.98164010 2.98311996 2.98464990 2.98729992 2.98511004 2.98569012 2.98933005 2.98810005 2.99037004 2.99568009 3.00424004 3.00284004 3.00167990 2.99931002 2.99601007 2.99747992 2.99672008 2.99388003 2.99515009 3.00008988 3.00322008 3.00476003 3.00470996 2.99796009 2.99517012 2.99452996 2.99380994 2.99426007 2.99153996 2.98920012 2.98596001 2.98161006 2.98632002 2.99897003 3.00665998 3.02470994 3.04999995 3.07747006 3.09318995 3.09950995 3.09699011 3.09896994 3.10331988 3.11945009 3.14261007
3.00711989 2.99675012 2.98619008 2.98125005 2.98378992 2.98645997 2.98526001 2.98343992 2.98393989 2.98549008 2.99094009 2.99528003 2.99618006 2.99729991 2.99951005 2.99879003 3.00064993 3.00424004 3.00714993 3.01218009 3.02189994 3.03303003 3.03469992 3.02993011 3.02542996 3.02180004 3.01959991 3.01665998 3.01481009 3.01883006 3.02590990 3.03233004 3.03434992 3.02837992 3.02313995 3.01899004 3.01851010 3.01982999 3.02139997 3.02081990 3.02257991 3.02187991 3.01612997 3.00454998 2.99685001 2.99219990 2.98714995 2.98305011 2.99381995 3.01680994 3.03452992 3.03198004 3.03548002 3.04541993 3.06366992 3.08405995
2.99012995 2.99334002 2.99555993 3.00095010 3.00626993 3.00677991 3.00299001 2.99637008 2.99480009 3.00129008 3.00876999 3.01490998 3.02060008 3.02215004 3.02359009 3.02426004 3.02421999 3.02908993 3.03525996 3.04854012 3.05945992 3.07028008 3.07605004 3.07645988 3.07046008 3.06194997 3.05453992 3.05034995 3.05498004 3.06135988 3.07069993 3.07838988 3.07825994 3.07522988 3.06697011 3.05572009 3.05358005 3.05314994 3.05727005 3.06037998 3.06575990 3.06721997 3.06068993 3.04703999 3.03401995 3.02279997 3.01606989 3.00962996 3.00412989 2.99695992 2.99043012 2.98067999 2.99025011 3.00096011 3.01321006 3.03002000
3.00724006 3.01310992 3.01751995 3.02373004 3.02920008 3.03042006 3.02730989 3.02342010 3.02567005 3.03186011 3.04120994 3.05096006 3.05967999 3.06409001 3.06301999 3.06066990 3.05987000 3.06492996 3.07756996 3.09328008 3.10561991 3.11860991 3.12211990 3.12581992 3.12731004 3.11660004 3.10183001 3.09661007 3.10780001 3.11652994 3.12947011 3.13704991 3.13940001 3.13748002 3.12818003 3.11104989 3.09594989 3.09572005 3.10465002 3.11342001 3.11866999 3.12140989 3.11472988 3.09731007 3.07981992 3.06750989 3.05976009 3.05482006 3.04735994 3.03862000 3.02870011 3.01764011 3.00838995 2.99791002 2.98634005 2.98396993
3.03014994 3.03719997 3.04397011 3.05022001 3.05556011 3.05901003 3.06052995 3.06151009 3.06640005 3.07226992 3.08100009 3.09138989 3.10110998 3.11233997 3.11421990 3.11483002 3.11184001 3.12154007 3.13211012 3.15059996 3.16486001 3.17934990 3.18702006 3.19228005 3.19707990 3.18897009 3.17251992 3.16324997 3.17857003 3.18891001 3.20274997 3.20976996 3.21301007 3.21169996 3.20202994 3.17913008 3.16117001 3.15600991 3.16493011 3.17333007 3.17818999 3.18022990 3.17646003 3.16160989 3.14277005 3.12506008 3.11295009 3.10558009 3.09870005 3.08938003 3.07643008 3.06409001 3.05190992 3.03702998 3.02066994 3.00846004
3.05932999 3.06798005 3.07609010 3.08505988 3.09413004 3.09868002 3.09714007 3.10261989 3.10788989 3.11671996 3.15472007 3.16850996 3.18347001 3.19591999 3.19905996 3.20393991 3.20514989 3.21304011 3.21959996 3.23075008 3.24579000 3.26182008 3.27589011 3.28048992 3.28446007 3.28776002 3.27717996 3.27238011 3.27576995 3.28371000 3.29218006 3.29684997 3.29958010 3.29556990 3.28203011 3.26840997 3.25635004 3.25165009 3.25811005 3.25530005 3.25225997 3.25417995 3.24164009 3.22911000 3.21269989 3.19326997 3.17365003 3.16406989 3.15647006 3.14701009 3.13309002 3.11804008 3.10273004 3.08241010 3.06104994 3.04748011
3.09319997 3.10473990 3.11676002 3.12747002 3.13797998 3.14739990 3.14535999 3.14767003 3.15282011 3.18296003 3.22315001 3.25158000 3.26743007 3.28555989 3.29291010 3.29838991 3.31490993 3.32511997 3.33263993 3.33212996 3.34393001 3.36048007 3.37453008 3.38081002 3.38498998 3.39422011 3.39665008 3.39261007 3.38425994 3.39182997 3.39650011 3.39490008 3.39762998 3.39943004 3.38972998 3.37502003 3.36658001 3.35915995 3.35332990 3.35139990 3.34907007 3.33030009 3.31889009 3.30648994 3.28832006 3.26854992 3.24836993 3.23222995 3.22186995 3.20988989 3.19314003 3.17831993 3.15942001 3.13762999 3.11208010 3.09579992
3.14628005 3.16255999 3.17630005 3.19003010 3.20432997 3.22226000 3.22210002 3.22679996 3.23708010 3.27586007 3.31509995 3.34483004 3.36357999 3.38464999 3.39693999 3.41455007 3.44069004 3.45713997 3.45582008 3.44938993 3.45342994 3.46730995 3.47968006 3.48878002 3.49883008 3.51224995 3.52024007 3.51296997 3.50462008 3.50276995 3.50153995 3.49837995 3.49826002 3.49973989 3.50112009 3.49095011 3.48315001 3.47435999 3.46690989 3.46066999 3.43812990 3.41711998 3.40384007 3.38648009 3.36866999 3.34826994 3.32698011 3.30914998 3.29626989 3.28027010 3.26302004 3.24432993 3.22461009 3.20071006 3.17332006 3.15254998
3.20421004 3.22835994 3.24760008 3.26767993 3.29808998 3.30958009 3.31445003 3.31815004 3.34348989 3.38170004 3.41990995 3.44548988 3.46671009 3.48793006 3.50956011 3.53532004 3.56106997 3.57809997 3.57160997 3.56511998 3.55773997 3.57000995 3.58226991 3.58909988 3.60244989 3.61578989 3.62839007 3.61996007 3.61153007 3.59845996 3.59580994 3.59324002 3.58829999 3.59015012 3.59202003 3.59669995 3.58832002 3.57995009 3.56917000 3.54660010 3.52380991 3.50223994 3.48475003 3.46740007 3.44800997 3.42672992 3.40544009 3.38400006 3.36792994 3.35186005 3.33312011 3.31456995 3.29601002 3.27428007 3.24900007 3.22758007
3.29051995 3.31166005 3.33225012 3.36033010 3.39861012 3.42352009 3.42847991 3.45290995 3.48087001 3.51908994 3.54145002 3.55949998 3.58071995 3.60055995 3.61997008 3.64546990 3.66789007 3.68922997 3.68500996 3.67354012 3.66058993 3.66947007 3.67479992 3.67815995 3.68975997 3.70289993 3.71597004 3.71230006 3.69847012 3.68267989 3.67719007 3.67164993 3.66471004 3.66486001 3.67063999 3.67877007 3.67360997 3.66171002 3.64728999 3.62632990 3.60516000 3.58502007 3.56709003 3.54719996 3.52620006 3.50495005 3.48205996 3.45865989 3.44235992 3.42188001 3.40024996 3.38169003 3.36967993 3.35411000 3.32979012 3.31234002
3.37633991 3.39805007 3.41983008 3.45449996 3.49265003 3.53080010 3.55976009 3.58828998 3.61681008 3.63689995 3.65475988 3.67261004 3.69050002 3.70969009 3.72888994 3.74836993 3.76933002 3.79028010 3.78519011 3.77167010 3.75814009 3.75718999 3.76021004 3.76324010 3.77144003 3.78462005 3.79780006 3.79022002 3.77491999 3.75962996 3.75057006 3.74428010 3.73797989 3.74080992 3.74883008 3.75686002 3.74963999 3.73513007 3.72061992 3.70314002 3.68270993 3.66227007 3.64232993 3.62153006 3.60071993 3.57786012 3.55439997 3.53094006 3.50867009 3.48717999 3.46579003 3.45519996 3.44448996 3.43428993 3.41732001 3.40014005
3.47815990 3.50010991 3.52396011 3.55507994 3.59267998 3.62310004 3.65247011 3.68098998 3.70952010 3.73231006 3.75015998 3.76041007 3.77487993 3.79408002 3.80774999 3.82444000 3.84540009 3.84847999 3.84396005 3.83043003 3.82692003 3.82617998 3.82920003 3.83034992 3.83574009 3.84887004 3.84473991 3.83664989 3.82136011 3.81027007 3.80121994 3.79492998 3.79070997 3.79184008 3.79987001 3.79819989 3.79093003 3.77642989 3.76484990 3.74959993 3.72916007 3.71232009 3.69355011 3.67270994 3.65130997 3.62873006 3.60501003 3.57962990 3.55662990 3.53744006 3.52766991 3.51723003 3.50991988 3.51329994 3.49897003 3.48457003
3.58037996 3.60423994 3.62808990 3.65453005 3.68494010 3.71534991 3.74517012 3.77370000 3.80222988 3.82693005 3.83705997 3.84718990 3.85867000 3.87214994 3.88562989 3.89949989 3.90165997 3.90382004 3.90345001 3.90034008 3.89722991 3.89495993 3.89611006 3.89725995 3.89736009 3.89318991 3.88906002 3.88353992 3.87262011 3.86170006 3.85208011 3.84803009 3.84398007 3.84173989 3.83944011 3.83715010 3.83267999 3.82122993 3.80977988 3.79657006 3.77975988 3.76294994 3.74464989 3.72323990 3.70183992 3.67902994 3.65366006 3.62827992 3.60908008 3.59931993 3.58956003 3.58498001 3.58836007 3.59174991 3.58257008 3.57048988
